Epoch:10
mAP: 0.4635330537120171
AP_50: 0.8113952722517066
AP_75: 0.5042530663781106
AP_small: 7.960230080192533e-05
AP_m: 0.4265828506840179
AP_l: 0.5920387670387077
Epoch:20
mAP: 0.4805338984161809
AP_50: 0.8330305704050677
AP_75: 0.5173855740748818
AP_small: 0.005669033471989824
AP_m: 0.4347263291312278
AP_l: 0.6186929660600605
Epoch:30
mAP: 0.4955838428192362
AP_50: 0.8389832733558106
AP_75: 0.517715656931329
AP_small: 0.017391670565085168
AP_m: 0.45733223955555324
AP_l: 0.6215202585276556
Epoch:40
mAP: 0.49704784168541344
AP_50: 0.8303741710608824
AP_75: 0.5595277105821549
AP_small: 0.03354301573464652
AP_m: 0.4518202094315356
AP_l: 0.6342972868732306
